45 24 39 90 34 86 85 (7.70465)
42 52 39 34 86 85 (8.38375)
42 52 36 90 34 86 85 (7.5071)
7 102 58 94 36 34 86 85 (7.91456)
7 102 58 24 34 86 85 (8.28497)
7 58 24 36 90 85 (7.65527)
7 110 24 90 85 (7.56884)
119 102 38 94 110 24 90 34 86 85 (7.69231)
119 58 110 24 36 90 85 (8.22324)
15 114 76 67 34 86 85 (8.02568)
15 52 93 76 67 34 86 85 (7.65527)
15 93 76 67 63 34 86 85 (7.96395)
15 93 76 67 59 34 86 85 (7.97629)
15 2 76 67 39 34 86 85 (8.06272)
15 76 67 63 59 34 86 85 (8.02568)
15 76 67 63 90 34 86 85 (8.3714)
15 76 67 59 90 34 86 85 (8.56896)
41 23 93 2 59 39 36 90 34 86 85 (7.69231)
41 23 93 63 59 36 90 34 86 85 (7.67996)
41 28 2 53 39 90 34 86 85 (7.70465)
41 28 2 63 90 85 (7.59353)
41 28 2 59 90 85 (7.59353)
41 93 2 63 59 39 36 90 85 (7.67996)
41 93 2 63 59 90 34 86 85 (7.59353)
41 2 63 39 90 34 86 85 (8.08742)
41 76 90 34 86 85 (8.56896)
41 67 90 34 86 85 (8.56896)
14 95 101 29 66 61 52 56 1 24 39 36 90 34 86 85 (8.00099)
54 37 114 94 28 2 76 67 53 24 39 90 34 86 85 (9.48265)
54 76 67 63 90 34 86 85 (9.06285)
54 76 67 59 90 34 86 85 (9.06285)
117 29 1 24 36 90 34 86 85 (7.67996)
117 66 1 24 36 90 34 86 85 (8.87764)
117 61 1 24 36 90 34 86 85 (8.87764)
117 102 36 34 86 85 (7.55649)
117 10 36 34 86 85 (7.63057)
117 1 110 24 36 90 34 86 85 (9.7296)
44 23 56 93 34 86 85 (7.70465)
44 23 93 2 63 59 34 86 85 (7.70465)
44 23 93 2 59 39 36 90 34 86 85 (7.70465)
44 23 93 63 59 39 36 34 86 85 (7.90221)
44 23 93 63 59 36 90 34 86 85 (8.00099)
44 23 93 63 39 36 90 34 86 85 (7.5071)
44 23 2 63 59 39 36 34 86 85 (8.49488)
44 23 76 34 86 85 (7.90221)
44 23 67 34 86 85 (7.90221)
44 52 34 86 85 (7.7417)
44 28 2 63 34 86 85 (7.79109)
44 28 2 59 39 34 86 85 (7.5071)
44 28 63 59 39 34 86 85 (7.5071)
44 28 36 34 86 85 (7.9516)
44 56 90 34 86 85 (7.60588)
44 93 2 63 59 39 34 86 85 (7.60588)
44 93 76 34 86 85 (8.47018)
44 93 67 34 86 85 (8.47018)
44 2 63 90 34 86 85 (7.60588)
44 76 67 34 86 85 (7.72935)
44 76 59 34 86 85 (8.05038)
44 76 39 34 86 85 (7.77874)
44 76 36 34 86 85 (7.55649)
44 67 59 34 86 85 (8.34671)
44 67 39 34 86 85 (7.77874)
44 67 36 34 86 85 (7.9516)
44 67 90 34 86 85 (7.75404)
107 114 2 76 67 39 34 86 85 (8.68008)
107 114 76 67 39 90 34 86 85 (7.80343)
107 9 76 67 34 86 85 (7.98864)
107 23 93 76 67 36 90 34 86 85 (7.67996)
107 52 93 76 67 59 34 86 85 (7.97629)
107 3 76 67 34 86 85 (7.97629)
107 93 76 67 63 34 86 85 (7.67996)
107 93 76 67 59 90 34 86 85 (7.97629)
107 93 76 67 39 34 86 85 (7.88986)
107 2 76 67 59 39 34 86 85 (7.60588)
107 2 76 67 39 90 34 86 85 (9.08754)
107 76 67 24 34 86 85 (7.69231)
107 76 67 63 59 90 34 86 85 (7.53179)
107 76 67 59 39 90 34 86 85 (7.60588)
95 101 111 29 66 61 52 56 1 24 39 36 90 34 86 85 (8.00099)
95 101 16 29 66 61 52 56 1 24 39 36 90 34 86 85 (8.00099)
95 101 29 66 11 61 52 56 1 24 39 36 90 34 86 85 (8.00099)
95 101 29 66 61 6 52 56 1 24 39 36 90 34 86 85 (8.00099)
95 101 29 66 61 10 52 56 1 24 39 36 90 34 86 85 (8.00099)
95 101 29 66 61 52 3 56 1 24 39 36 90 34 86 85 (8.00099)
95 101 29 66 61 52 56 1 110 24 39 36 90 34 86 85 (8.00099)
37 11 76 67 34 86 85 (7.67996)
37 9 76 67 34 86 85 (7.69231)
37 3 76 67 34 86 85 (7.70465)
37 2 76 67 63 34 86 85 (7.67996)
37 2 76 67 59 34 86 85 (7.70465)
37 76 67 24 63 34 86 85 (7.67996)
37 76 67 24 59 34 86 85 (7.70465)
37 67 63 90 34 86 85 (7.5071)
37 67 59 90 34 86 85 (7.5071)
43 11 34 86 85 (7.90221)
43 116 56 90 34 86 85 (8.09977)
43 116 36 90 34 86 85 (7.55649)
43 6 39 90 34 86 85 (7.5071)
43 23 93 59 36 90 34 86 85 (7.5071)
43 52 24 34 86 85 (7.55649)
43 52 36 90 34 86 85 (7.65527)
43 28 2 53 39 90 34 86 85 (7.70465)
43 28 2 59 34 86 85 (7.55649)
43 3 39 90 34 86 85 (7.5071)
43 56 93 90 34 86 85 (7.5071)
43 56 39 36 90 34 86 85 (11.8533)
43 1 36 90 34 86 85 (7.60588)
43 93 2 34 86 85 (8.00099)
43 93 63 59 90 34 86 85 (7.70465)
43 93 39 34 86 85 (8.49488)
43 2 63 34 86 85 (7.80343)
43 2 59 39 34 86 85 (7.90221)
43 2 59 90 34 86 85 (8.14915)
43 76 67 34 86 85 (8.34671)
43 76 90 34 86 85 (8.34671)
43 67 90 34 86 85 (8.34671)
43 53 63 90 34 86 85 (7.5071)
43 53 59 90 34 86 85 (7.5071)
43 24 39 90 34 86 85 (7.70465)
43 63 39 34 86 85 (7.70465)
43 59 39 90 34 86 85 (7.90221)
17 48 102 58 38 94 1 110 53 24 36 90 34 86 85 (10.5939)
17 77 53 36 90 34 86 85 (7.65527)
17 69 53 36 90 34 86 85 (7.67996)
17 116 53 63 59 36 90 34 86 85 (8.00099)
17 10 53 36 90 34 86 85 (8.85294)
17 23 28 2 63 59 39 36 34 86 85 (7.70465)
17 110 53 63 36 90 34 86 85 (8.85294)
17 110 53 59 36 90 34 86 85 (8.85294)
17 76 53 36 90 34 86 85 (7.67996)
17 67 53 36 90 34 86 85 (7.65527)
111 16 56 39 36 90 34 86 85 (7.55649)
111 11 56 39 36 90 34 86 85 (9.33449)
111 116 23 28 56 93 2 53 63 59 39 36 90 34 86 85 (10.668)
111 6 56 39 36 90 34 86 85 (9.33449)
111 10 56 39 36 90 34 86 85 (9.33449)
111 3 56 39 36 90 34 86 85 (9.33449)
48 77 102 58 38 94 1 110 53 24 36 90 34 86 85 (10.5939)
48 69 102 58 38 94 1 110 53 24 36 90 34 86 85 (10.6186)
48 13 102 58 38 94 1 110 53 24 36 90 34 86 85 (10.6309)
48 66 102 58 38 94 1 110 53 24 36 90 34 86 85 (10.6062)
48 61 102 58 38 94 1 110 53 24 36 90 34 86 85 (10.5939)
48 102 58 38 9 94 1 110 53 24 36 90 34 86 85 (10.6062)
48 102 58 38 94 10 1 110 53 24 36 90 34 86 85 (10.6186)
48 102 58 38 94 1 110 76 53 24 36 90 34 86 85 (10.6309)
48 102 58 38 94 1 110 67 53 24 36 90 34 86 85 (10.6062)
48 102 58 38 94 1 110 53 24 63 36 90 34 86 85 (10.6186)
48 102 58 38 94 1 110 53 24 59 36 90 34 86 85 (10.6309)
16 114 24 39 34 86 85 (7.59353)
16 11 56 39 36 90 34 86 85 (7.55649)
16 116 56 93 63 59 36 90 34 86 85 (7.5071)
16 116 56 39 36 90 34 86 85 (9.77899)
16 6 56 39 36 90 34 86 85 (8.14915)
16 10 56 39 36 90 34 86 85 (7.55649)
16 23 56 93 53 63 39 36 90 34 86 85 (7.70465)
16 23 56 93 53 59 39 36 90 34 86 85 (7.70465)
16 23 56 93 63 59 39 36 34 86 85 (7.5071)
16 28 93 2 63 59 39 34 86 85 (7.65527)
16 28 93 2 63 59 36 90 34 86 85 (7.70465)
16 28 2 76 34 86 85 (7.98864)
16 28 2 67 34 86 85 (7.98864)
16 28 2 53 63 59 39 90 34 86 85 (7.90221)
16 3 56 39 36 90 34 86 85 (8.14915)
16 56 110 39 36 90 34 86 85 (8.14915)
16 76 67 34 86 85 (8.38375)
16 76 39 34 86 85 (8.58131)
16 76 90 34 86 85 (8.09977)
16 67 39 34 86 85 (8.58131)
16 67 90 34 86 85 (8.09977)
77 69 53 36 90 34 86 85 (7.66761)
77 29 1 24 36 90 34 86 85 (8.85294)
77 13 53 36 90 34 86 85 (7.67996)
77 66 61 1 24 36 90 34 86 85 (7.96395)
77 66 1 110 24 36 90 34 86 85 (7.96395)
77 61 1 110 24 36 90 34 86 85 (7.93925)
77 116 56 39 36 90 34 86 85 (8.88999)
77 116 110 36 90 34 86 85 (7.96395)
77 116 53 63 59 36 90 34 86 85 (8.00099)
77 6 36 90 34 86 85 (9.77899)
77 10 1 24 36 90 34 86 85 (7.96395)
77 10 110 36 90 34 86 85 (8.40845)
77 10 53 36 90 34 86 85 (8.85294)
77 3 36 90 34 86 85 (9.76664)
77 110 53 63 36 90 34 86 85 (8.85294)
77 110 53 59 36 90 34 86 85 (8.87764)
77 67 53 36 90 34 86 85 (7.66761)
69 29 1 24 36 90 34 86 85 (8.87764)
69 13 53 36 90 34 86 85 (7.67996)
69 66 61 1 24 36 90 34 86 85 (7.98864)
69 66 1 110 24 36 90 34 86 85 (7.98864)
69 61 1 110 24 36 90 34 86 85 (7.97629)
69 116 56 39 36 90 34 86 85 (8.88999)
69 116 110 36 90 34 86 85 (7.98864)
69 116 53 63 59 36 90 34 86 85 (8.00099)
69 6 36 90 34 86 85 (9.77899)
69 10 1 24 36 90 34 86 85 (7.97629)
69 10 110 36 90 34 86 85 (8.42079)
69 10 53 36 90 34 86 85 (8.86529)
69 3 36 90 34 86 85 (9.77899)
69 110 53 63 36 90 34 86 85 (8.85294)
69 110 53 59 36 90 34 86 85 (8.86529)
69 76 53 36 90 34 86 85 (7.69231)
98 114 76 67 90 34 86 85 (7.70465)
98 11 28 2 53 39 90 34 86 85 (7.70465)
98 11 63 90 34 86 85 (7.70465)
98 11 59 90 34 86 85 (7.70465)
98 116 23 28 56 93 2 53 63 59 39 36 90 34 86 85 (10.668)
98 6 28 2 53 39 90 34 86 85 (7.70465)
98 6 63 90 34 86 85 (7.5071)
98 6 59 90 34 86 85 (8.09977)
98 10 23 93 2 59 39 36 90 34 86 85 (8.09977)
98 10 23 93 63 59 36 90 34 86 85 (7.69231)
98 23 3 93 2 59 39 36 90 34 86 85 (7.5071)
98 23 3 93 63 59 36 90 34 86 85 (7.67996)
98 23 93 2 76 59 39 36 90 34 86 85 (7.90221)
98 23 93 2 67 59 39 36 90 34 86 85 (7.90221)
98 23 93 76 63 59 36 90 34 86 85 (8.27263)
98 23 93 67 63 59 36 90 34 86 85 (8.27263)
98 52 93 76 67 59 90 34 86 85 (7.67996)
98 28 3 2 53 39 90 34 86 85 (7.70465)
98 28 2 76 53 39 90 34 86 85 (8.29732)
98 28 2 67 53 39 90 34 86 85 (8.29732)
98 3 2 63 59 39 90 34 86 85 (7.5071)
98 3 76 90 34 86 85 (8.47018)
98 3 67 90 34 86 85 (8.47018)
98 93 76 67 63 59 90 34 86 85 (7.67996)
98 93 76 67 59 36 90 34 86 85 (8.27263)
98 2 76 67 59 39 90 34 86 85 (7.90221)
98 2 76 63 59 39 90 34 86 85 (7.90221)
98 2 67 63 59 39 90 34 86 85 (7.90221)
99 114 76 67 90 34 86 85 (7.69231)
99 11 28 2 53 39 90 34 86 85 (7.70465)
99 11 63 90 34 86 85 (8.00099)
99 11 59 90 34 86 85 (8.00099)
99 116 23 28 56 93 2 53 63 59 39 36 90 34 86 85 (10.668)
99 6 28 2 53 39 90 34 86 85 (7.70465)
99 6 2 59 90 34 86 85 (7.60588)
99 6 63 90 34 86 85 (7.80343)
99 10 23 93 2 59 39 36 90 34 86 85 (8.09977)
99 10 23 93 63 59 36 90 34 86 85 (7.70465)
99 23 3 93 2 59 90 34 86 85 (7.79109)
99 23 3 93 63 59 36 90 34 86 85 (7.69231)
99 23 93 2 76 59 39 36 90 34 86 85 (7.87752)
99 23 93 2 67 59 39 36 90 34 86 85 (7.87752)
99 23 93 76 67 59 90 34 86 85 (7.67996)
99 23 93 76 63 59 36 90 34 86 85 (8.27263)
99 23 93 67 63 59 36 90 34 86 85 (8.27263)
99 52 93 76 67 59 90 34 86 85 (7.67996)
99 52 93 59 36 90 85 (7.61822)
99 28 3 2 53 39 90 34 86 85 (7.70465)
99 28 2 76 53 39 90 34 86 85 (8.29732)
99 28 2 67 53 39 90 34 86 85 (8.29732)
99 3 93 2 63 59 90 85 (7.51945)
99 3 93 2 59 39 36 90 85 (7.61822)
99 3 93 2 59 36 90 34 86 85 (7.69231)
99 3 2 63 59 39 90 85 (7.61822)
99 3 2 63 59 90 34 86 85 (7.98864)
99 3 2 63 39 90 34 86 85 (8.08742)
99 3 2 59 39 90 34 86 85 (8.68008)
99 3 76 67 90 34 86 85 (7.59353)
99 3 76 59 90 34 86 85 (7.59353)
99 3 67 59 90 34 86 85 (7.59353)
99 93 110 63 59 90 34 86 85 (7.60588)
99 93 2 76 63 59 90 34 86 85 (7.87752)
99 93 2 67 63 59 90 34 86 85 (7.87752)
99 93 76 67 63 59 90 34 86 85 (8.27263)
99 93 76 67 59 36 90 34 86 85 (8.27263)
99 2 76 67 63 90 34 86 85 (7.87752)
99 2 76 67 59 39 90 34 86 85 (7.87752)
99 2 76 63 59 39 90 34 86 85 (7.87752)
99 2 67 63 59 39 90 34 86 85 (7.87752)
114 11 24 39 34 86 85 (9.16162)
114 9 2 76 67 39 34 86 85 (8.07507)
114 9 76 67 39 90 34 86 85 (8.08742)
114 6 39 90 34 86 85 (8.88999)
114 23 93 76 67 36 90 34 86 85 (7.69231)
114 52 93 2 76 67 39 34 86 85 (7.85282)
114 52 93 76 67 59 34 86 85 (8.13681)
114 52 24 39 34 86 85 (8.85294)
114 52 39 36 90 34 86 85 (9.66786)
114 3 2 76 67 39 34 86 85 (8.08742)
114 3 76 67 39 90 34 86 85 (7.79109)
114 3 24 39 34 86 85 (8.59365)
114 56 1 39 36 34 86 85 (7.55649)
114 1 36 90 34 86 85 (8.69243)
114 93 76 67 63 34 86 85 (7.81578)
114 2 76 67 63 39 90 34 86 85 (7.88986)
114 2 76 67 59 39 90 34 86 85 (9.07519)
114 76 67 63 59 90 34 86 85 (7.54414)
29 116 1 24 36 90 34 86 85 (7.67996)
29 10 1 110 24 36 90 34 86 85 (7.53179)
29 1 110 53 36 90 34 86 85 (8.8406)
13 58 9 24 36 90 85 (7.58118)
13 58 24 63 36 90 85 (7.59353)
13 58 24 59 36 90 85 (7.60588)
13 38 67 36 90 34 86 85 (7.67996)
13 38 63 90 34 86 85 (7.63057)
13 38 59 90 34 86 85 (7.64292)
13 9 90 34 86 85 (7.66761)
13 94 76 53 24 90 34 86 85 (8.48253)
13 94 67 53 24 90 34 86 85 (8.48253)
13 94 63 34 86 85 (7.64292)
13 94 59 34 86 85 (7.65527)
13 116 53 63 59 36 90 34 86 85 (8.00099)
13 6 53 90 34 86 85 (8.69243)
13 6 63 90 85 (7.7417)
13 6 59 36 85 (7.7417)
13 6 59 90 34 86 85 (7.75404)
13 6 36 90 34 86 85 (8.74182)
13 10 110 36 90 34 86 85 (7.59353)
13 10 53 36 90 34 86 85 (8.87764)
13 10 59 36 90 34 86 85 (8.19854)
13 23 28 2 63 59 39 36 34 86 85 (7.80343)
13 23 93 2 59 39 36 90 34 86 85 (8.29732)
13 23 93 63 59 36 90 34 86 85 (8.68008)
13 28 56 2 34 86 85 (7.70465)
13 28 93 2 63 59 39 36 90 85 (9.38387)
13 28 93 2 63 59 36 90 34 86 85 (7.70465)
13 28 2 53 63 59 39 90 34 86 85 (7.90221)
13 3 53 90 34 86 85 (8.68008)
13 3 63 90 85 (7.717)
13 3 59 36 85 (7.717)
13 3 59 90 34 86 85 (7.7417)
13 3 36 90 34 86 85 (8.71713)
13 110 76 36 90 34 86 85 (7.59353)
13 110 67 36 90 34 86 85 (7.79109)
13 110 53 63 36 90 34 86 85 (8.87764)
13 110 53 59 36 90 34 86 85 (8.88999)
13 110 63 59 36 90 85 (8.43314)
13 2 76 34 86 85 (7.70465)
13 2 67 90 34 86 85 (7.60588)
13 76 67 90 34 86 85 (9.95185)
13 76 53 36 90 34 86 85 (7.69231)
13 76 63 36 34 86 85 (7.59353)
13 76 63 90 34 86 85 (8.77886)
13 76 59 36 90 34 86 85 (8.38375)
13 67 53 36 90 34 86 85 (7.69231)
13 67 63 36 34 86 85 (7.59353)
13 67 63 90 34 86 85 (8.92703)
13 67 59 36 90 34 86 85 (8.38375)
13 24 63 90 34 86 85 (7.64292)
13 24 59 90 34 86 85 (7.65527)
66 116 1 24 36 90 34 86 85 (8.85294)
66 6 1 110 24 36 90 34 86 85 (7.55649)
66 10 1 110 24 36 90 34 86 85 (9.29744)
66 3 1 110 24 36 90 34 86 85 (7.54414)
11 116 23 28 56 93 2 53 63 59 39 36 90 34 86 85 (10.668)
11 116 3 56 90 34 86 85 (8.14915)
11 116 56 110 90 34 86 85 (7.85282)
11 6 28 2 53 39 90 34 86 85 (7.70465)
11 6 56 39 36 90 34 86 85 (9.33449)
11 28 3 2 53 39 90 34 86 85 (7.70465)
11 28 2 76 67 24 34 86 85 (7.67996)
11 28 2 76 67 39 34 86 85 (7.67996)
11 28 2 76 53 39 90 34 86 85 (8.29732)
11 28 2 76 63 34 86 85 (7.98864)
11 28 2 76 59 34 86 85 (8.00099)
11 28 2 67 53 39 90 34 86 85 (8.29732)
11 28 2 67 63 34 86 85 (8.13681)
11 28 2 67 59 34 86 85 (8.14915)
11 3 56 39 36 90 34 86 85 (9.33449)
11 3 93 63 34 86 85 (7.5071)
11 3 93 59 34 86 85 (7.5071)
11 3 2 63 34 86 85 (7.55649)
11 3 2 59 34 86 85 (7.55649)
11 3 24 90 34 86 85 (8.09977)
11 3 63 59 90 34 86 85 (7.82813)
11 56 110 39 36 90 34 86 85 (9.33449)
11 93 76 34 86 85 (8.27263)
11 93 67 34 86 85 (8.27263)
11 2 76 67 90 34 86 85 (7.70465)
11 2 76 63 90 34 86 85 (7.70465)
11 2 76 59 90 34 86 85 (7.70465)
11 2 67 63 90 34 86 85 (7.85282)
11 2 67 59 90 34 86 85 (7.85282)
11 76 63 59 90 34 86 85 (7.70465)
11 67 24 90 34 86 85 (7.60588)
11 67 63 59 90 34 86 85 (7.77874)
61 116 1 24 36 90 34 86 85 (9.23571)
61 6 1 110 24 36 90 34 86 85 (7.65527)
61 10 1 110 24 36 90 34 86 85 (9.50735)
61 3 1 110 24 36 90 34 86 85 (7.63057)
102 58 9 76 34 86 85 (7.66761)
102 58 9 67 34 86 85 (7.65527)
102 58 94 6 36 34 86 85 (8.00099)
102 58 94 3 36 34 86 85 (7.97629)
102 58 94 63 59 36 34 86 85 (7.67996)
102 58 3 24 34 86 85 (8.3714)
102 58 76 67 24 34 86 85 (8.82825)
102 58 76 63 34 86 85 (8.26028)
102 58 76 59 34 86 85 (8.27263)
102 58 67 63 34 86 85 (8.26028)
102 58 67 59 34 86 85 (8.28497)
102 9 63 34 86 85 (7.55649)
102 9 59 34 86 85 (7.59353)
102 116 1 24 36 34 86 85 (7.66761)
102 6 110 34 86 85 (7.5071)
102 6 24 34 86 85 (7.53179)
102 52 28 34 86 85 (7.56884)
58 38 116 110 24 36 90 34 86 85 (7.75404)
58 38 6 24 36 90 34 86 85 (7.5071)
58 9 24 63 36 90 85 (7.56884)
58 9 24 59 36 90 85 (7.59353)
58 6 110 24 36 90 85 (7.64292)
58 52 28 2 39 85 (8.1615)
58 3 110 24 36 90 85 (7.63057)
58 76 24 59 34 86 85 (7.67996)
58 67 24 59 34 86 85 (7.69231)
58 24 63 59 36 90 85 (7.58118)
38 9 1 76 90 34 86 85 (8.06272)
38 9 1 67 90 34 86 85 (8.05038)
38 9 1 63 90 34 86 85 (8.05038)
38 9 1 59 90 34 86 85 (8.07507)
38 116 1 110 24 36 90 34 86 85 (8.05038)
38 116 110 53 90 34 86 85 (8.24793)
38 116 76 90 34 86 85 (7.69231)
38 116 67 90 34 86 85 (8.06272)
38 116 59 90 34 86 85 (7.70465)
38 6 1 110 36 90 34 86 85 (8.00099)
38 6 110 53 90 34 86 85 (7.70465)
38 6 110 24 36 90 34 86 85 (7.55649)
38 10 76 90 34 86 85 (7.53179)
38 10 67 36 90 34 86 85 (7.66761)
38 10 59 90 34 86 85 (7.66761)
38 52 67 59 90 34 86 85 (7.67996)
38 3 1 110 24 36 90 34 86 85 (7.77874)
38 3 1 67 90 34 86 85 (7.55649)
38 3 110 53 90 34 86 85 (7.67996)
38 3 76 90 34 86 85 (8.75417)
38 3 63 90 34 86 85 (8.55661)
38 3 59 90 34 86 85 (8.86529)
38 1 110 76 67 90 34 86 85 (8.07507)
38 1 110 76 63 90 34 86 85 (8.08742)
38 1 110 76 59 90 34 86 85 (8.07507)
38 1 110 67 63 90 34 86 85 (8.08742)
38 1 110 67 59 90 34 86 85 (8.08742)
38 1 110 63 59 90 34 86 85 (8.07507)
38 1 76 67 24 90 34 86 85 (7.67996)
38 1 76 67 63 90 34 86 85 (8.27263)
38 1 76 67 59 90 34 86 85 (8.26028)
38 1 76 67 36 90 34 86 85 (9.63082)
38 1 76 24 63 90 34 86 85 (7.69231)
38 1 76 24 59 90 34 86 85 (7.67996)
38 1 76 63 59 90 34 86 85 (8.26028)
38 1 76 63 36 90 34 86 85 (9.64317)
38 1 76 59 36 90 34 86 85 (9.63082)
38 1 67 24 63 90 34 86 85 (7.69231)
38 1 67 24 59 90 34 86 85 (7.69231)
38 1 67 63 59 90 34 86 85 (8.27263)
38 1 67 63 36 90 34 86 85 (9.64317)
38 1 67 59 36 90 34 86 85 (9.64317)
38 1 24 63 59 90 34 86 85 (7.67996)
38 1 63 59 36 90 34 86 85 (9.63082)
38 93 76 67 63 59 90 34 86 85 (7.97629)
38 110 76 67 36 90 34 86 85 (8.3714)
38 110 76 63 36 90 34 86 85 (8.08742)
38 110 76 59 36 90 34 86 85 (8.3714)
38 110 67 24 59 90 34 86 85 (7.69231)
38 110 67 63 36 90 34 86 85 (8.08742)
38 110 67 59 36 90 34 86 85 (8.38375)
38 110 63 59 36 90 34 86 85 (8.07507)
38 76 67 24 36 90 34 86 85 (8.27263)
38 76 67 63 36 90 34 86 85 (8.17385)
38 76 67 59 36 90 34 86 85 (8.75417)
38 76 24 63 36 90 34 86 85 (7.69231)
38 76 24 59 36 90 34 86 85 (8.27263)
38 76 63 59 36 90 34 86 85 (8.1615)
38 67 24 63 36 90 34 86 85 (7.69231)
38 67 24 59 36 90 34 86 85 (8.28497)
38 67 63 59 36 90 34 86 85 (8.17385)
38 24 63 59 36 90 34 86 85 (7.67996)
9 94 76 67 34 86 85 (7.69231)
9 94 76 53 24 90 34 86 85 (10.0506)
9 94 67 53 24 90 34 86 85 (10.0383)
9 94 53 24 63 90 34 86 85 (7.66761)
9 94 53 24 59 90 34 86 85 (7.69231)
9 6 76 34 86 85 (7.53179)
9 6 67 34 86 85 (7.53179)
9 6 53 90 34 86 85 (8.00099)
9 23 93 76 67 63 34 86 85 (7.717)
9 23 93 76 67 59 34 86 85 (7.717)
9 23 93 76 67 36 90 34 86 85 (8.26028)
9 23 76 67 39 36 34 86 85 (7.63057)
9 23 76 63 36 34 86 85 (7.717)
9 23 76 59 36 34 86 85 (7.717)
9 23 67 63 36 34 86 85 (7.717)
9 23 67 59 36 34 86 85 (7.717)
9 23 63 59 34 86 85 (8.01333)
9 52 93 76 67 34 86 85 (8.29732)
9 52 93 63 59 36 90 85 (7.56884)
9 52 93 39 85 (7.91456)
9 52 2 63 39 85 (7.66761)
9 52 2 59 39 85 (7.67996)
9 52 76 67 63 34 86 85 (7.70465)
9 52 76 67 59 34 86 85 (7.717)
9 52 76 63 59 34 86 85 (7.56884)
9 52 67 63 59 34 86 85 (7.56884)
9 52 63 59 39 85 (7.67996)
9 28 2 24 39 85 (8.87764)
9 28 2 39 34 86 85 (7.98864)
9 28 76 39 34 86 85 (7.7417)
9 28 67 39 34 86 85 (7.7417)
9 3 76 67 90 34 86 85 (8.85294)
9 3 53 90 34 86 85 (7.97629)
9 3 24 90 85 (7.65527)
9 3 24 34 86 85 (7.70465)
9 3 63 90 34 86 85 (7.66761)
9 3 59 90 34 86 85 (7.67996)
9 3 36 90 34 86 85 (8.24793)
9 1 110 76 36 90 34 86 85 (8.17385)
9 1 110 67 36 90 34 86 85 (8.1615)
9 1 110 63 36 34 86 85 (7.717)
9 1 110 63 90 34 86 85 (7.56884)
9 1 110 59 36 34 86 85 (7.7417)
9 1 110 59 90 34 86 85 (7.59353)
9 1 76 67 36 90 34 86 85 (8.3714)
9 1 76 53 36 90 34 86 85 (8.86529)
9 1 76 63 34 86 85 (7.63057)
9 1 76 59 34 86 85 (7.63057)
9 1 67 53 36 90 34 86 85 (8.85294)
9 1 67 63 34 86 85 (7.63057)
9 1 67 59 34 86 85 (7.64292)
9 1 63 36 90 34 86 85 (9.23571)
9 1 59 36 90 34 86 85 (9.2604)
9 93 2 85 (8.06272)
9 93 76 67 63 59 34 86 85 (8.45783)
9 93 76 67 63 36 34 86 85 (7.717)
9 93 76 67 63 90 34 86 85 (8.26028)
9 93 76 67 59 36 34 86 85 (7.717)
9 93 76 67 59 90 34 86 85 (8.26028)
9 93 76 67 39 34 86 85 (9.09989)
9 93 63 39 36 85 (7.82813)
9 93 59 39 36 85 (7.82813)
9 93 39 36 90 85 (8.96407)
9 110 76 53 90 34 86 85 (7.67996)
9 110 67 53 90 34 86 85 (7.66761)
9 110 63 36 90 85 (8.3961)
9 110 59 36 90 85 (8.42079)
9 2 76 67 39 90 34 86 85 (7.87752)
9 2 76 63 34 86 85 (7.76639)
9 2 76 59 34 86 85 (7.77874)
9 2 67 63 34 86 85 (7.76639)
9 2 67 59 34 86 85 (7.77874)
9 2 63 59 39 85 (8.42079)
9 2 63 39 90 85 (7.77874)
9 2 63 39 34 86 85 (7.76639)
9 2 59 39 90 85 (7.77874)
9 2 59 39 34 86 85 (7.77874)
9 76 67 53 39 90 34 86 85 (8.29732)
9 76 67 24 90 34 86 85 (8.58131)
9 76 67 63 59 36 34 86 85 (7.79109)
9 76 67 63 59 90 34 86 85 (9.22336)
9 76 67 63 39 34 86 85 (9.09989)
9 76 67 63 36 90 34 86 85 (8.40845)
9 76 67 59 39 34 86 85 (9.11224)
9 76 67 59 36 90 34 86 85 (8.40845)
9 76 63 59 36 90 34 86 85 (7.5071)
9 67 63 59 36 90 34 86 85 (7.51945)
9 24 63 59 85 (7.7417)
9 63 59 39 36 85 (8.12446)
94 6 76 53 24 90 34 86 85 (8.29732)
94 6 67 53 24 90 34 86 85 (8.29732)
94 3 76 53 24 90 34 86 85 (8.28497)
94 3 67 53 24 90 34 86 85 (8.27263)
94 76 67 63 34 86 85 (8.00099)
94 76 67 59 34 86 85 (7.98864)
94 76 53 24 63 90 34 86 85 (10.063)
94 76 53 24 59 90 34 86 85 (10.0506)
94 67 53 24 63 90 34 86 85 (10.063)
94 67 53 24 59 90 34 86 85 (10.063)
94 53 24 63 59 90 34 86 85 (7.67996)
116 6 10 36 90 34 86 85 (8.19854)
116 6 23 28 56 93 2 53 63 59 39 36 90 34 86 85 (10.668)
116 6 110 53 36 90 34 86 85 (7.70465)
116 10 23 28 56 93 2 53 63 59 39 36 90 34 86 85 (10.668)
116 10 3 36 90 34 86 85 (8.19854)
116 10 110 53 36 90 34 86 85 (8.87764)
116 23 28 3 56 93 2 53 63 59 39 36 90 34 86 85 (10.668)
116 23 28 56 93 110 2 53 63 59 39 36 90 34 86 85 (10.668)
116 23 56 93 2 76 53 63 59 90 34 86 85 (8.29732)
116 23 56 93 2 67 53 63 59 90 34 86 85 (8.29732)
116 52 56 1 24 90 34 86 85 (7.70465)
116 52 24 36 90 34 86 85 (7.5071)
116 28 2 76 59 36 90 34 86 85 (7.70465)
116 28 2 67 59 36 90 34 86 85 (7.70465)
116 3 56 110 90 34 86 85 (8.44549)
116 3 1 24 34 86 85 (7.55649)
116 3 110 53 36 90 34 86 85 (7.69231)
116 3 110 63 59 90 34 86 85 (7.70465)
116 3 76 90 34 86 85 (7.98864)
116 3 67 90 34 86 85 (8.08742)
116 3 24 90 34 86 85 (7.79109)
116 56 93 76 63 59 36 90 34 86 85 (8.29732)
116 56 93 67 63 59 36 90 34 86 85 (8.29732)
116 110 76 53 90 34 86 85 (8.28497)
116 110 76 63 90 34 86 85 (7.70465)
116 110 76 59 90 34 86 85 (8.00099)
116 110 76 36 90 34 86 85 (7.98864)
116 110 67 53 90 34 86 85 (8.26028)
116 110 67 63 90 34 86 85 (7.70465)
116 110 67 59 90 34 86 85 (8.00099)
116 110 67 36 90 34 86 85 (8.35906)
116 76 67 90 34 86 85 (8.28497)
116 76 53 63 59 36 90 34 86 85 (8.00099)
116 67 53 63 59 36 90 34 86 85 (8.00099)
6 10 23 93 59 36 34 86 85 (7.63057)
6 10 56 39 36 90 34 86 85 (9.33449)
6 10 1 24 36 90 34 86 85 (7.60588)
6 10 110 36 90 34 86 85 (8.8159)
6 10 53 36 90 34 86 85 (8.88999)
6 10 63 59 36 34 86 85 (7.72935)
6 10 63 36 90 34 86 85 (7.90221)
6 10 59 36 90 34 86 85 (9.38387)
6 23 93 110 63 34 86 85 (7.70465)
6 23 93 110 59 34 86 85 (7.70465)
6 23 93 110 36 34 86 85 (7.55649)
6 23 93 110 90 34 86 85 (7.60588)
6 23 93 76 59 36 34 86 85 (7.85282)
6 23 93 76 59 90 34 86 85 (7.82813)
6 23 93 76 36 90 34 86 85 (8.09977)
6 23 93 67 59 36 34 86 85 (7.85282)
6 23 93 67 59 90 34 86 85 (7.82813)
6 23 93 67 36 90 34 86 85 (8.09977)
6 23 76 63 34 86 85 (7.67996)
6 23 76 39 36 34 86 85 (7.55649)
6 23 67 63 34 86 85 (7.67996)
6 23 67 39 36 34 86 85 (7.55649)
6 28 2 76 53 39 90 34 86 85 (8.29732)
6 28 2 67 53 39 90 34 86 85 (8.29732)
6 28 76 59 34 86 85 (7.67996)
6 28 67 59 34 86 85 (7.77874)
6 56 110 39 36 90 34 86 85 (10.2235)
6 1 110 53 36 90 34 86 85 (8.00099)
6 93 110 63 59 34 86 85 (7.67996)
6 93 110 63 36 85 (7.59353)
6 93 110 63 90 85 (7.64292)
6 93 110 59 36 85 (7.59353)
6 93 110 59 90 85 (7.64292)
6 93 76 63 34 86 85 (7.67996)
6 93 76 59 36 90 34 86 85 (7.60588)
6 93 67 63 34 86 85 (7.67996)
6 93 67 59 36 90 34 86 85 (7.60588)
6 110 76 36 34 86 85 (7.90221)
6 110 76 90 34 86 85 (7.9516)
6 110 67 36 34 86 85 (8.00099)
6 110 67 90 34 86 85 (8.24793)
6 110 53 63 59 90 34 86 85 (7.9269)
6 110 53 63 36 90 34 86 85 (9.33449)
6 110 53 59 36 90 34 86 85 (9.33449)
6 110 63 59 36 90 34 86 85 (8.32202)
6 2 76 67 39 34 86 85 (7.5071)
6 2 76 67 90 34 86 85 (8.3961)
6 2 76 63 34 86 85 (7.5071)
6 2 76 59 39 34 86 85 (7.70465)
6 2 76 59 90 34 86 85 (8.3961)
6 2 67 63 34 86 85 (7.60588)
6 2 67 59 39 34 86 85 (7.70465)
6 2 67 59 90 34 86 85 (8.49488)
6 76 67 53 39 90 34 86 85 (7.70465)
6 76 67 63 90 34 86 85 (7.9269)
6 76 67 59 90 34 86 85 (9.40857)
6 76 67 36 90 34 86 85 (8.19854)
6 76 53 63 90 34 86 85 (9.18632)
6 76 53 59 90 34 86 85 (9.18632)
6 76 53 36 90 34 86 85 (8.88999)
6 76 63 59 36 34 86 85 (7.90221)
6 76 63 59 90 34 86 85 (8.66774)
6 76 63 39 34 86 85 (7.85282)
6 76 63 36 90 34 86 85 (8.19854)
6 76 59 39 90 34 86 85 (8.00099)
6 67 53 63 90 34 86 85 (9.18632)
6 67 53 59 90 34 86 85 (9.18632)
6 67 53 36 90 34 86 85 (8.88999)
6 67 63 59 36 34 86 85 (7.90221)
6 67 63 59 90 34 86 85 (8.71713)
6 67 63 39 34 86 85 (7.85282)
6 67 63 36 90 34 86 85 (8.19854)
6 67 59 39 90 34 86 85 (8.00099)
10 23 52 93 76 67 59 36 34 86 85 (7.7417)
10 23 3 93 2 59 39 36 90 34 86 85 (8.09977)
10 23 3 93 63 59 36 90 34 86 85 (7.69231)
10 23 93 2 76 59 39 36 90 34 86 85 (9.08754)
10 23 93 2 67 59 39 36 90 34 86 85 (9.08754)
10 23 93 76 67 59 36 90 34 86 85 (8.28497)
10 23 93 76 63 59 36 90 34 86 85 (8.28497)
10 23 93 67 63 59 36 90 34 86 85 (8.28497)
10 23 2 76 63 59 39 36 34 86 85 (7.5071)
10 23 2 67 63 59 39 36 34 86 85 (7.5071)
10 23 76 67 59 39 36 34 86 85 (7.65527)
10 52 3 36 90 34 86 85 (7.88986)
10 52 2 59 36 34 86 85 (7.5071)
10 52 76 67 59 36 90 34 86 85 (7.69231)
10 3 56 39 36 90 34 86 85 (9.33449)
10 3 1 24 36 90 34 86 85 (7.60588)
10 3 110 36 90 34 86 85 (8.8159)
10 3 76 36 34 86 85 (7.69231)
10 3 67 36 34 86 85 (7.7417)
10 3 67 90 34 86 85 (7.54414)
10 3 53 36 90 34 86 85 (8.88999)
10 56 110 39 36 90 34 86 85 (9.33449)
10 1 67 36 34 86 85 (7.51945)
10 110 76 36 90 34 86 85 (8.1862)
10 110 67 36 90 34 86 85 (8.3714)
10 110 53 63 59 36 90 34 86 85 (7.98864)
10 2 76 67 59 36 34 86 85 (7.80343)
10 76 67 63 59 36 34 86 85 (7.51945)
10 76 53 36 90 34 86 85 (8.87764)
10 67 53 36 90 34 86 85 (8.86529)
23 52 93 2 76 67 59 39 36 90 34 86 85 (8.66774)
23 52 93 76 67 63 59 39 36 34 86 85 (7.58118)
23 52 93 76 67 63 59 36 90 34 86 85 (9.43326)
23 52 2 76 63 59 39 36 34 86 85 (7.87752)
23 52 2 67 63 59 39 36 34 86 85 (7.87752)
23 28 56 93 2 76 63 59 39 36 34 86 85 (7.5071)
23 28 56 93 2 67 63 59 39 36 34 86 85 (7.5071)
23 3 93 110 90 34 86 85 (7.60588)
23 3 93 2 76 59 39 36 90 34 86 85 (7.88986)
23 3 93 2 67 59 39 36 90 34 86 85 (7.88986)
23 3 93 76 67 63 34 86 85 (7.56884)
23 3 93 76 67 59 36 90 34 86 85 (7.96395)
23 3 93 76 63 59 36 90 34 86 85 (8.70478)
23 3 93 76 63 39 36 90 34 86 85 (7.59353)
23 3 93 67 63 59 36 90 34 86 85 (8.70478)
23 3 93 67 63 39 36 90 34 86 85 (7.59353)
23 3 2 76 63 59 34 86 85 (7.88986)
23 3 2 67 63 59 34 86 85 (7.88986)
23 3 76 67 39 36 34 86 85 (7.69231)
23 3 76 63 59 39 36 34 86 85 (7.7417)
23 3 67 63 59 39 36 34 86 85 (7.7417)
23 56 93 110 76 34 86 85 (7.60588)
23 56 93 110 67 34 86 85 (7.60588)
23 56 93 76 67 34 86 85 (8.49488)
23 56 93 76 53 63 59 39 36 90 34 86 85 (8.00099)
23 56 93 67 53 63 59 39 36 90 34 86 85 (8.00099)
23 1 93 76 67 36 34 86 85 (7.58118)
23 93 110 76 63 59 34 86 85 (7.85282)
23 93 110 76 36 34 86 85 (8.00099)
23 93 110 76 90 34 86 85 (8.09977)
23 93 110 67 63 59 34 86 85 (7.85282)
23 93 110 67 36 34 86 85 (8.00099)
23 93 110 67 90 34 86 85 (8.09977)
23 93 2 76 67 63 59 39 36 90 34 86 85 (8.66774)
52 28 93 2 85 (7.56884)
52 28 2 24 85 (8.35906)
52 28 2 63 85 (8.27263)
52 28 2 59 85 (8.88999)
52 28 2 34 86 85 (8.85294)
52 28 76 34 86 85 (7.86517)
52 28 67 34 86 85 (8.85294)
52 28 63 59 85 (8.24793)
52 28 63 39 85 (7.67996)
52 28 59 39 85 (7.70465)
52 28 59 36 85 (7.70465)
52 28 59 34 86 85 (7.60588)
52 3 93 76 67 63 59 34 86 85 (7.96395)
52 3 93 76 67 59 36 34 86 85 (7.66761)
52 3 93 76 67 59 90 34 86 85 (8.65539)
52 3 93 63 59 90 85 (8.03803)
52 3 93 59 36 90 85 (8.03803)
52 3 2 85 (8.01333)
52 3 76 67 59 36 90 34 86 85 (7.76639)
52 3 67 63 59 90 34 86 85 (7.51945)
52 3 63 59 36 85 (7.84047)
52 93 2 76 67 63 59 39 34 86 85 (7.58118)
52 93 2 76 67 63 59 36 34 86 85 (7.87752)
52 93 2 63 59 39 36 90 85 (8.56896)
52 93 24 63 85 (7.58118)
52 93 24 59 85 (7.60588)
52 2 67 63 59 90 34 86 85 (7.63057)
52 76 67 24 34 86 85 (7.66761)
28 3 2 76 67 39 34 86 85 (7.5071)
28 3 2 76 53 39 90 34 86 85 (8.29732)
28 3 2 76 63 34 86 85 (7.5071)
28 3 2 76 59 34 86 85 (7.80343)
28 3 2 67 53 39 90 34 86 85 (8.29732)
28 3 2 67 63 34 86 85 (7.60588)
28 3 2 67 59 34 86 85 (7.90221)
28 3 24 85 (7.53179)
28 56 2 67 90 34 86 85 (7.70465)
28 56 67 63 90 34 86 85 (7.5071)
28 56 67 59 90 34 86 85 (7.5071)
28 93 2 76 63 59 36 90 34 86 85 (8.29732)
28 93 2 67 63 59 36 90 34 86 85 (8.29732)
28 93 76 67 34 86 85 (8.45783)
28 2 76 67 24 63 34 86 85 (7.67996)
28 2 76 67 24 59 34 86 85 (8.29732)
28 2 76 67 63 59 34 86 85 (7.80343)
28 2 76 67 63 39 34 86 85 (9.85307)
28 2 76 67 63 90 34 86 85 (8.29732)
28 2 76 67 59 39 34 86 85 (9.87776)
28 2 76 67 59 90 34 86 85 (8.88999)
28 2 76 53 63 59 39 90 34 86 85 (9.48265)
28 2 67 53 63 59 39 90 34 86 85 (9.48265)
28 2 24 63 39 85 (8.76651)
28 2 24 63 90 85 (8.49488)
28 2 24 59 39 85 (8.79121)
28 2 24 59 90 85 (9.08754)
28 76 67 63 59 39 34 86 85 (7.5071)
3 56 93 110 63 90 34 86 85 (7.55649)
3 56 93 110 59 90 34 86 85 (7.55649)
3 56 93 76 63 34 86 85 (7.60588)
3 56 93 76 59 34 86 85 (7.60588)
3 56 93 76 90 34 86 85 (8.29732)
3 56 93 67 63 34 86 85 (7.60588)
3 56 93 67 59 34 86 85 (7.60588)
3 56 93 67 90 34 86 85 (8.29732)
3 56 110 39 36 90 34 86 85 (10.2235)
3 56 67 63 90 34 86 85 (7.5071)
3 56 67 59 90 34 86 85 (7.5071)
3 1 110 53 36 90 34 86 85 (7.97629)
3 1 76 36 90 34 86 85 (8.06272)
3 1 67 36 90 34 86 85 (8.14915)
3 1 63 90 34 86 85 (8.35906)
3 1 59 90 34 86 85 (8.3714)
3 93 110 63 59 36 85 (7.53179)
3 93 110 63 59 90 34 86 85 (8.32202)
3 93 110 63 36 90 85 (7.65527)
3 93 110 59 36 90 85 (7.65527)
3 93 110 36 90 34 86 85 (7.80343)
3 93 2 76 67 34 86 85 (7.88986)
3 93 2 76 63 59 90 34 86 85 (7.69231)
3 93 2 67 63 59 90 34 86 85 (7.69231)
3 93 76 67 63 59 36 90 34 86 85 (7.91456)
3 93 76 67 39 34 86 85 (8.68008)
3 93 76 63 59 39 34 86 85 (7.64292)
3 93 67 63 59 39 34 86 85 (7.64292)
3 110 76 36 90 34 86 85 (7.93925)
3 110 67 36 90 34 86 85 (8.02568)
3 110 53 63 59 90 34 86 85 (7.9269)
3 110 53 63 36 90 34 86 85 (9.32214)
3 110 53 59 36 90 34 86 85 (9.33449)
3 110 63 59 36 90 34 86 85 (8.91468)
3 2 76 67 63 39 34 86 85 (7.69231)
3 2 76 67 63 90 34 86 85 (7.69231)
3 2 76 67 59 39 90 34 86 85 (7.88986)
3 2 76 63 59 39 90 34 86 85 (7.88986)
3 2 76 63 59 36 34 86 85 (7.69231)
3 2 67 63 59 39 90 34 86 85 (7.88986)
3 2 67 63 59 36 34 86 85 (7.69231)
3 76 67 53 39 90 34 86 85 (7.70465)
3 76 67 24 90 34 86 85 (9.56908)
3 76 67 63 39 90 34 86 85 (7.59353)
3 76 53 63 90 34 86 85 (9.18632)
3 76 53 59 90 34 86 85 (9.18632)
3 76 53 36 90 34 86 85 (8.87764)
3 76 24 63 34 86 85 (7.5071)
3 76 24 59 34 86 85 (7.80343)
3 67 53 63 90 34 86 85 (9.17397)
3 67 53 59 90 34 86 85 (9.18632)
3 67 53 36 90 34 86 85 (8.86529)
3 67 24 63 34 86 85 (7.59353)
3 67 24 59 34 86 85 (7.90221)
3 24 63 90 34 86 85 (8.77886)
3 24 59 90 34 86 85 (9.08754)
56 93 110 76 63 34 86 85 (7.90221)
56 93 110 76 59 34 86 85 (7.90221)
56 93 110 76 90 34 86 85 (7.70465)
56 93 110 67 63 34 86 85 (7.90221)
56 93 110 67 59 34 86 85 (7.90221)
56 93 110 67 90 34 86 85 (7.70465)
56 93 76 67 63 59 34 86 85 (8.19854)
56 93 76 67 63 90 34 86 85 (7.80343)
56 93 76 67 59 90 34 86 85 (7.80343)
56 93 76 67 36 34 86 85 (8.3961)
56 110 67 63 59 34 86 85 (7.60588)
1 93 76 67 63 34 86 85 (8.27263)
1 93 76 67 59 34 86 85 (8.27263)
1 93 76 67 36 90 34 86 85 (7.87752)
1 110 76 67 36 90 34 86 85 (9.2604)
1 110 76 63 36 90 34 86 85 (8.38375)
1 110 76 59 36 90 34 86 85 (8.3714)
1 110 67 63 36 90 34 86 85 (8.38375)
1 110 67 59 36 90 34 86 85 (8.38375)
1 110 63 59 36 90 34 86 85 (7.9269)
1 76 67 53 36 90 34 86 85 (8.86529)
1 76 67 63 59 90 34 86 85 (7.82813)
1 76 67 63 36 90 34 86 85 (8.76651)
1 76 67 59 36 90 34 86 85 (8.75417)
1 76 63 59 36 90 34 86 85 (7.86517)
1 67 63 59 36 90 34 86 85 (7.87752)
93 110 76 67 63 34 86 85 (7.70465)
93 110 76 67 59 34 86 85 (7.70465)
93 110 76 67 90 34 86 85 (7.5071)
93 110 76 63 59 36 34 86 85 (7.85282)
93 110 76 63 59 90 34 86 85 (8.54426)
93 110 76 36 90 34 86 85 (8.09977)
93 110 67 63 59 36 34 86 85 (7.85282)
93 110 67 63 59 90 34 86 85 (8.54426)
93 110 67 36 90 34 86 85 (8.09977)
110 76 67 53 36 90 34 86 85 (8.27263)
110 76 67 63 59 90 34 86 85 (7.5071)
110 76 67 63 36 90 34 86 85 (7.5071)
110 76 67 59 36 90 34 86 85 (7.79109)
110 76 53 63 59 90 34 86 85 (7.84047)
110 76 53 63 36 90 34 86 85 (9.76664)
110 76 53 59 36 90 34 86 85 (9.75429)
110 76 63 59 36 90 34 86 85 (9.42092)
110 67 53 63 59 90 34 86 85 (7.85282)
110 67 53 63 36 90 34 86 85 (9.76664)
110 67 53 59 36 90 34 86 85 (9.76664)
110 67 63 59 36 90 34 86 85 (9.43326)
110 24 63 59 36 90 85 (7.61822)
2 76 67 53 63 90 34 86 85 (8.29732)
2 76 67 53 59 90 34 86 85 (8.29732)
76 67 53 63 59 90 34 86 85 (8.14915)
76 67 53 63 39 90 34 86 85 (8.88999)
76 67 53 59 39 90 34 86 85 (8.88999)
76 67 24 63 59 34 86 85 (8.14915)
76 67 24 63 90 34 86 85 (10.9643)
76 67 24 59 90 34 86 85 (11.5446)
76 24 63 59 90 34 86 85 (8.58131)
67 24 63 59 90 34 86 85 (8.74182)
